  50  76 101 102  82  83  83  80  79  77  76  26  50  52  53  76  76 102 106 133 134 112 134 107  80  77  26  25   0   0  23  25  25  25  49  74  50  28  30  31
  77  55 106 107 109  87  85  83  82  80  79  28  53  55  57  80 104 131 110 161 188 142 140 137 109 102  26  25   0  23  25  26  50  52  52  77  77  77  53  30
  80  82 134 134 112  87  85  83  82  80  79  30  55  57  80 107 107 158 210 215 218 169 169 164 110 104  50  25   0  25  26  52  53  55  55  80  80  80  53  76
  83 109 134 136 134  85  85 106  80  79  77  53  57  80 106 109 158 161 191 221 221 196 171 166 136 106  52  25   0  25  26  53  57  58  58  80 104 106  79  77
  87  87 112 134 134  83  82  80  79  77  53  30  55  82  83 110 136 163 193 221 223 197 171 166 134 104  52  25  23  49  26  53  57  60  60 106 106 106  79  77
  87  88 110 109 107  80  55  77  53  53  53  28  53  80  83 109 136 163 191 218 218 194 167 163 131  79  74  49  25  50  76 102 104  83  85 110 109 107  79  53
  85  85 131 131 153 104 102 125  99  76  74  26  74  77  80 128 131 136 163 164 188 164 136 133 104  99  74  26  50  77  79 129 131 133 109 110 110 109  82  79
  80 106 106 152 175 129 128 104 102 147  74  49  25  74  77 101 104 107 158 159 136 134 129  80  77  52  52  52  53  79  80 133 134 136 133 133 109 109  83  82
  53  79  80 128 106  83 107 109 107 106  77  98  47  50  52  53  79  80 104 106 107 106  80  79  77  74  50  53  80  58  82 131 133 134 109 133 107  83 106 102
  26  52  53 104 107 110 114 114 136 134 106 126  76  99  76  53  77  79 102 126 104 102  79  77  99  98  76  79  82  85 109 107 107 107  82 155 131 133 129 104
  49  50  76 102  83 137 117 142 140 137 109 131  80  80  77  77  53  77 102 102  77  53  53  52  52  77 102  80 131  85  87 110 131 107 106 153 133 134 131 106
   0  49  74 104 109 161 166 169 167 140 112 133  82  82  57  55  30  28  76  52  52  30  30  30  53 126 155 133 134 136 161 182 134 109 107 133 134 137 134 131
  25  74 101 180 207 188 191 218 216 190 137 134  83 106  57  80  55 101 102 102  79  79  57  77 126 153 158 185 188 188 163 207 204 131 131 133 110 114 112 133
  26  99 128 183 186 213 215 218 216 212 159 159 109 107 106 106 104  80 106 106 106  82 104 104 155 134 185 188 193 191 188 209 229 155 178 156 159 161 137 112
  52  79 155 161 188 215 191 216 213 210 158 158 110 109 107 107 107 131 134 134 110 109 133 106 158 136 164 145 171 171 212 185 183 107 131 134 137 139 137 112
 104 131 159 161 164 190 140 164 185 209 156 133 133 133 131 107 131 134 134 159 112 110 133 153 180 136 164 145 148 145 166 163 159  83 109 136 140 140 137 110
 107 159 163 164 166 142 139 159 158 182 131 107 131 133 131 152 155 159 137 137 139 159 156 106 178 156 140 144 144 144 166 185 158  85 107 156 136 137 136 109
  87 137 166 167 167 140 114 112 156 156 106  82  83  85 106 104 131 136 114 117 139 114 133 104 129 107 137 139 163 212 188 183 182 134 156 131 156 158 155 106
  87 137 164 167 164 136 109 109 107 129  82  58  60  58  82 129 133 159 139 140 142 139 183 129 126 102 131 158 161 161 185 182 228 136 133 131 107 107 104  53
  87 110 159 161 158 129 128 104 102 102  80  60  58  57  79 104 153 182 139 188 166 186 205 178 150 147 152 180 182 182 207 207 161 159 133 131  83  83  80  53
  83  85 155 155 128  77  76  76  99  76  55  57  80  55 101 126 177 205 235 240 239 235 210 205 153 102 102 153 155 155 134 161 163 183 110 131 106  80  77  52
 131 133 133 131 129 123  74  50  52  77 102 150  79 102 102 150 152 158 190 194 194 216 190 185 155 129 129 107 134 136 159 163 163 161 136 134 128  77  52  50
 133 134 134 133 155 152 123  74 123 129 131 129 128 129 126 152 131 161 191 196 221 221 193 212 159 134 109 109 136 163 139 164 164 139 112 133  80  52  26  25
 134 136 159 159 161 158 131 126 152 134 136 134 133 133 129 152 133 209 193 196 221 221 194 212 137 137 110 134 137 188 166 215 191 191 163 158 106  79  50  25
  83 112 115 117 139 136 133 133 134 137 114 114 159 112 156 156 204 188 218 221 220 221 193 190 161 136 112 110 183 212 190 239 216 218 188 158 129  79  50  47
  83 114 120 144 164 137 134 158 137 163 142 142 142 161 159 182 158 163 194 196 220 216 191 188 159 133 109 110 207 212 190 215 215 218 190 159 131  79  50  25
  83 137 142 144 167 164 209 158 159 164 144 147 142 164 163 185 158 185 215 220 218 239 186 207 133 106 104 107 180 183 163 190 166 144 142 136 106  53  26  25
 131 159 163 140 167 191 163 158 183 164 145 167 142 163 163 207 182 159 164 190 190 185 156 202 175 125  79 128 129 158 186 188 142 140 139 136  82  53  26  25
 155 183 210 213 237 210 183 182 253 186 164 164 186 164 183 156 178 159 161 163 183 183 156 153 174 102 126 102 106 133 136 163 137 114 112 109  80  76  26  25
 153 205 210 215 213 255 182 251 229 255 185 183 137 161 180 175 131 109 112 136 158 136 110 107 153 106 106 128 129 109 134 136 136 110 133 131 126  53  76  50
  82 133 137 142 213 188 185 185 255 232 183 159 156 158 155 131 129 107 110 137 163 161 112 109 131  83  83 131 106  83  83 106 106 129 131 153 128 104 102  99
  83 136 164 191 216 240 215 212 210 163 139 136 109 129 107 131 106 106 109 136 159 159 136 134 134 110 109 131 107 106 104  79 125 128 153 153 107 107 106  80
 131 139 144 167 216 220 218 193 213 166 140 139 133 131 129 129 129 107 131 155 156 158 112 161 163 136 110 109 106  82  79  76  76  77 104  83  87 110  87  83
 107 161 167 216 218 243 221 218 194 166 140 159 156 131 106 104  80  83 129 155 182 185 163 188 212 164 159 109  82  57  55  52  74  52 104 110 114 117 114 110
 106 158 188 193 242 243 220 220 193 144 114 134 107 107  82  82  58 106 133 182 185 188 164 188 188 188 163 133  82  55  53  74  49  99 106 112 117 117 117 112
 104 131 136 164 191 215 193 191 190 137 112 133 106 106  82  82  58  82 107 158 159 164 164 166 164 186 159 131  79  53  52  49  25  77 107 114 115 117 115 114
 101 104 131 161 185 188 164 163 182 109 131 129 102 102  79  58  57 104 106 133 134 161 142 164 163 159 131  79  30  28  26  25  25  76 106 110 114 114 114 110
  50  53  57  82  85 133 134 133 129  79  77  99  52  52  53  55  79  79 128 131 109  90  90 115 112 109  80  53  28  28  26  25  47  50 101 106 109 110 109 106
  49  52  55  57  80  82 104 102  99  50  49  50  50  28  28  28  28  53  79 106  85  87  88 110 110 107  79  52  26  26  25  23   0  49  52  77  80  80  80  77
  25  50  53  53  53  53  53  50  25   0   0  23  25  26  26  26  26  52  76 102  82  83  83  83 106 104  76  50  25  25  23   0   0  25  26  28  28  28  28  28
