  32  48  64  65  52  53  53  51  50  49  48  17  32  33  34  48  48  65  67  84  85  71  85  68  51  49  17  16   0   0  15  16  16  16  31  47  32  18  19  20
  49  35  67  68  69  55  54  53  52  51  50  18  34  35  36  51  66  83  70 102 119  90  89  87  69  65  17  16   0  15  16  17  32  33  33  49  49  49  34  19
  51  52  85  85  71  55  54  53  52  51  50  19  35  36  51  68  68 100 133 136 138 107 107 104  70  66  32  16   0  16  17  33  34  35  35  51  51  51  34  48
  53  69  85  86  85  54  54  67  51  50  49  34  36  51  67  69 100 102 121 140 140 124 108 105  86  67  33  16   0  16  17  34  36  37  37  51  66  67  50  49
  55  55  71  85  85  53  52  51  50  49  34  19  35  52  53  70  86 103 122 140 141 125 108 105  85  66  33  16  15  31  17  34  36  38  38  67  67  67  50  49
  55  56  70  69  68  51  35  49  34  34  34  18  34  51  53  69  86 103 121 138 138 123 106 103  83  50  47  31  16  32  48  65  66  53  54  70  69  68  50  34
  54  54  83  83  97  66  65  79  63  48  47  17  47  49  51  81  83  86 103 104 119 104  86  84  66  63  47  17  32  49  50  82  83  84  69  70  70  69  52  50
  51  67  67  96 111  82  81  66  65  93  47  31  16  47  49  64  66  68 100 101  86  85  82  51  49  33  33  33  34  50  51  84  85  86  84  84  69  69  53  52
  34  50  51  81  67  53  68  69  68  67  49  62  30  32  33  34  50  51  66  67  68  67  51  50  49  47  32  34  51  37  52  83  84  85  69  84  68  53  67  65
  17  33  34  66  68  70  72  72  86  85  67  80  48  63  48  34  49  50  65  80  66  65  50  49  63  62  48  50  52  54  69  68  68  68  52  98  83  84  82  66
  31  32  48  65  53  87  74  90  89  87  69  83  51  51  49  49  34  49  65  65  49  34  34  33  33  49  65  51  83  54  55  70  83  68  67  97  84  85  83  67
   0  31  47  66  69 102 105 107 106  89  71  84  52  52  36  35  19  18  48  33  33  19  19  19  34  80  98  84  85  86 102 115  85  69  68  84  85  87  85  83
  16  47  64 114 131 119 121 138 137 120  87  85  53  67  36  51  35  64  65  65  50  50  36  49  80  97 100 117 119 119 103 131 129  83  83  84  70  72  71  84
  17  63  81 116 118 135 136 138 137 134 101 101  69  68  67  67  66  51  67  67  67  52  66  66  98  85 117 119 122 121 119 132 145  98 113  99 101 102  87  71
  33  50  98 102 119 136 121 137 135 133 100 100  70  69  68  68  68  83  85  85  70  69  84  67 100  86 104  92 108 108 134 117 116  68  83  85  87  88  87  71
  66  83 101 102 104 120  89 104 117 132  99  84  84  84  83  68  83  85  85 101  71  70  84  97 114  86 104  92  94  92 105 103 101  53  69  86  89  89  87  70
  68 101 103 104 105  90  88 101 100 115  83  68  83  84  83  96  98 101  87  87  88 101  99  67 113  99  89  91  91  91 105 117 100  54  68  99  86  87  86  69
  55  87 105 106 106  89  72  71  99  99  67  52  53  54  67  66  83  86  72  74  88  72  84  66  82  68  87  88 103 134 119 116 115  85  99  83  99 100  98  67
  55  87 104 106 104  86  69  69  68  82  52  37  38  37  52  82  84 101  88  89  90  88 116  82  80  65  83 100 102 102 117 115 144  86  84  83  68  68  66  34
  55  70 101 102 100  82  81  66  65  65  51  38  37  36  50  66  97 115  88 119 105 118 130 113  95  93  96 114 115 115 131 131 102 101  84  83  53  53  51  34
  53  54  98  98  81  49  48  48  63  48  35  36  51  35  64  80 112 130 149 152 151 149 133 130  97  65  65  97  98  98  85 102 103 116  70  83  67  51  49  33
  83  84  84  83  82  78  47  32  33  49  65  95  50  65  65  95  96 100 120 123 123 137 120 117  98  82  82  68  85  86 101 103 103 102  86  85  81  49  33  32
  84  85  85  84  98  96  78  47  78  82  83  82  81  82  80  96  83 102 121 124 140 140 122 134 101  85  69  69  86 103  88 104 104  88  71  84  51  33  17  16
  85  86 101 101 102 100  83  80  96  85  86  85  84  84  82  96  84 132 122 124 140 140 123 134  87  87  70  85  87 119 105 136 121 121 103 100  67  50  32  16
  53  71  73  74  88  86  84  84  85  87  72  72 101  71  99  99 129 119 138 140 139 140 122 120 102  86  71  70 116 134 120 151 137 138 119 100  82  50  32  30
  53  72  76  91 104  87  85 100  87 103  90  90  90 102 101 115 100 103 123 124 139 137 121 119 101  84  69  70 131 134 120 136 136 138 120 101  83  50  32  16
  53  87  90  91 106 104 132 100 101 104  91  93  90 104 103 117 100 117 136 139 138 151 118 131  84  67  66  68 114 116 103 120 105  91  90  86  67  34  17  16
  83 101 103  89 106 121 103 100 116 104  92 106  90 103 103 131 115 101 104 120 120 117  99 128 111  79  50  81  82 100 118 119  90  89  88  86  52  34  17  16
  98 116 133 135 150 133 116 115 160 118 104 104 118 104 116  99 113 101 102 103 116 116  99  97 110  65  80  65  67  84  86 103  87  72  71  69  51  48  17  16
  97 130 133 136 135 161 115 159 145 161 117 116  87 102 114 111  83  69  71  86 100  86  70  68  97  67  67  81  82  69  85  86  86  70  84  83  80  34  48  32
  52  84  87  90 135 119 117 117 161 147 116 101  99 100  98  83  82  68  70  87 103 102  71  69  83  53  53  83  67  53  53  67  67  82  83  97  81  66  65  63
  53  86 104 121 137 152 136 134 133 103  88  86  69  82  68  83  67  67  69  86 101 101  86  85  85  70  69  83  68  67  66  50  79  81  97  97  68  68  67  51
  83  88  91 106 137 139 138 122 135 105  89  88  84  83  82  82  82  68  83  98  99 100  71 102 103  86  70  69  67  52  50  48  48  49  66  53  55  70  55  53
  68 102 106 137 138 154 140 138 123 105  89 101  99  83  67  66  51  53  82  98 115 117 103 119 134 104 101  69  52  36  35  33  47  33  66  70  72  74  72  70
  67 100 119 122 153 154 139 139 122  91  72  85  68  68  52  52  37  67  84 115 117 119 104 119 119 119 103  84  52  35  34  47  31  63  67  71  74  74  74  71
  66  83  86 104 121 136 122 121 120  87  71  84  67  67  52  52  37  52  68 100 101 104 104 105 104 118 101  83  50  34  33  31  16  49  68  72  73  74  73  72
  64  66  83 102 117 119 104 103 115  69  83  82  65  65  50  37  36  66  67  84  85 102  90 104 103 101  83  50  19  18  17  16  16  48  67  70  72  72  72  70
  32  34  36  52  54  84  85  84  82  50  49  63  33  33  34  35  50  50  81  83  69  57  57  73  71  69  51  34  18  18  17  16  30  32  64  67  69  70  69  67
  31  33  35  36  51  52  66  65  63  32  31  32  32  18  18  18  18  34  50  67  54  55  56  70  70  68  50  33  17  17  16  15   0  31  33  49  51  51  51  49
  16  32  34  34  34  34  34  32  16   0   0  15  16  17  17  17  17  33  48  65  52  53  53  53  67  66  48  32  16  16  15   0   0  16  17  18  18  18  18  18
